dataset, pid
electricity/D,39704835 39704836 39704837 39704838 39704839
hierarchical_sales/D,39704850 39704851 39704852 39704853 39704854
M_DENSE/H,39704861 39704862 39704863 39704864 39704865
SZ_TAXI/15T,39704813 39704814 39704815 39704816 39704817
,
LOOP_SEATTLE/D,39704884 39704885 39704886 39704887 39704888
,
covid_deaths,39704893 39704894 39704895 39704896 39704897
,
ett1/15T,39721218 39721219 39721220 39721221 39721222
ett1/H,39721224 39721225 39721226 39721227 39721228
ett2/15T,39721229 39721230 39721231 39721232 39721233
ett2/H,39721234 39721235 39721236 39721237 39721238
saugeenday/D,39725521 39725522 39725523 39725524 39725525
bizitobs_application,39732004 39732005 39732006 39732007 39732008
bizitobs_service,39732009 39732010 39732011 39732012 39732013 x
jena_weather/10T,39732014 39732015 39732016 39732017 39732018
jena_weather/H,39732019 39732020 39732021 39732022 39732023
saugeenday/W,39732024 39732025 39732026 39732027 39732028
us_births/W,39732029 39732030 39732031 39732032 39732033
